Karon,Gen.G,21,32,9,162
